#time Face1-InData Face2-InData Face3-InData
1 394  
2 400  
3 400  
4 400  
5 400  
6 400  
7 400  
8 400  
9 400  
10 400  
11 498  
12 500  
13 500  
14 500  
15 500  
16 500  
17 500  
18 500  
19 500  
20 500  
21 598  
22 549 47 
23 548 51 
24 548 53 
25 549 51 
26 548 51 
27 548 53 
28 549 51 
29 548 52 
30 548 52 
31 548 141 
32 549 152 
33 547 152 
34 549 151 
35 549 152 
36 547 152 
37 549 151 
38 548 152 
39 549 152 
40 547 152 
41 549 240 
42 548 253 
43 548 251 
44 548 252 
45 549 252 
46 548 252 
47 548 251 
48 549 251 
49 548 253 
50 548 251 
51 548 341 
52 549 338 7
53 547 328 21
54 549 330 20
55 548 328 20
56 548 329 21
57 549 329 18
58 548 329 19
59 549 329 22
60 547 330 19
61 549 328 77
62 548 329 121
63 548 329 119
64 548 329 120
65 549 329 120
66 548 329 119
67 548 329 119
68 549 329 122
69 548 329 120
70 548 329 120
71 548 328 178
72 549 330 222
73 547 329 220
74 549 328 219
75 548 330 222
76 548 328 218
77 549 329 220
78 548 330 221
79 549 328 220
80 547 329 221
81 549 330 227
82 548 328 218
83 548 329 217
84 548 329 218
85 549 329 216
86 547 329 217
87 549 329 217
88 549 329 216
89 548 329 216
90 548 328 216
